name: deep-learning-env
channels:
  - conda-forge
  - defaults
dependencies:
  - ca-certificates=2021.10.8=h5b45459_0
  - certifi=2021.5.30=py36ha15d459_0
  - cvxopt=1.2.7=py36h86652d2_0
  - cycler=0.11.0=pyhd8ed1ab_0
  - dsdp=5.8=h6e01ec9_1203
  - fftw=3.3.10=nompi_h77347bd_102
  - freetype=2.10.4=h546665d_1
  - glpk=4.65=h8ffe710_1004
  - gsl=2.7=hdfb1a43_0
  - icu=68.2=h0e60522_0
  - intel-openmp=2022.0.0=h57928b3_3663
  - jbig=2.1=h8d14728_2003
  - jpeg=9e=h8ffe710_0
  - kiwisolver=1.3.1=py36he95197e_1
  - lcms2=2.12=h2a16943_0
  - lerc=3.0=h0e60522_0
  - libblas=3.9.0=13_win64_mkl
  - libcblas=3.9.0=13_win64_mkl
  - libclang=11.1.0=default_h5c34c98_1
  - libdeflate=1.10=h8ffe710_0
  - liblapack=3.9.0=13_win64_mkl
  - libpng=1.6.37=h1d00b33_2
  - libtiff=4.3.0=hc4061b1_3
  - libzlib=1.2.11=h8ffe710_1013
  - lz4-c=1.9.3=h8ffe710_1
  - matplotlib=3.3.4=py36ha15d459_0
  - matplotlib-base=3.3.4=py36h1abdf75_0
  - mkl=2022.0.0=h0e2418a_796
  - numpy=1.19.5=py36h4b40d73_2
  - olefile=0.46=pyh9f0ad1d_1
  - openjpeg=2.4.0=hb211442_1
  - openssl=1.1.1l=h8ffe710_0
  - pandas=1.1.5=py36he38d939_0
  - pillow=8.3.2=py36h10c25d6_0
  - pip=21.3.1=pyhd8ed1ab_0
  - pyparsing=3.0.7=pyhd8ed1ab_0
  - pyqt=5.12.3=py36ha15d459_7
  - pyqt-impl=5.12.3=py36he2d232f_7
  - pyqt5-sip=4.19.18=py36he2d232f_7
  - pyqtchart=5.12=py36he2d232f_7
  - pyqtwebengine=5.12.1=py36he2d232f_7
  - python=3.6.15=h39d44d4_0_cpython
  - python-dateutil=2.8.2=pyhd8ed1ab_0
  - python_abi=3.6=2_cp36m
  - pytz=2021.3=pyhd8ed1ab_0
  - qt=5.12.9=h5909a2a_4
  - setuptools=58.0.4=py36ha15d459_2
  - six=1.16.0=pyh6c4a22f_0
  - sqlite=3.37.0=h8ffe710_0
  - tbb=2021.5.0=h2d74725_0
  - tk=8.6.12=h8ffe710_0
  - tornado=6.1=py36h68aa20f_1
  - ucrt=10.0.20348.0=h57928b3_0
  - vc=14.2=hb210afc_6
  - vs2015_runtime=14.29.30037=h902a5da_6
  - wheel=0.37.1=pyhd8ed1ab_0
  - xz=5.2.5=h62dcd97_1
  - zlib=1.2.11=h8ffe710_1013
  - zstd=1.5.2=h6255e5f_0
  - pip:
    - joblib==1.1.0
    - scikit-learn==0.24.2
    - scipy==1.5.4
    - sklearn==0.0
    - threadpoolctl==3.1.0
